8904038103
9782980158
9507339765
9584516882
8742638654
8289537697
6694049611
6938505266
7741753542
8310121869
6313065362
8134831505
6223083998
9564363458
8552367221
9341928144
7124972741
7380013242
6499885679
6040282668
9403284141
8842478896
6029245156
8391478507
9223849950
7985900266
9943767393
9846522918
9605641103
7528188443
6297977881
8491574208
6324112079
6471600408
8148482181
7163554130
8090121159
7377271655
6121004793
6872337358
6255857313
6691335469
6930441466
9400242049
6279712476
7873817436
9942838645
8480906086
6735268683
8537078824
6497078041
6031017450
9815968699
6768673045
6888368566
9061853098
8908180441
6361524566
6596679441
6798574957
8762587367
9336205533
9567034304
6589600631
9694318203
6861990216
9509545661
8079536916
6542665050
9428543336
6628082871
8450276756
9771802625
9194299248
7422644601
9942436618
6693882371
7625220168
8096628397
8911755927
6986022455
8279105875
7173677135
6850213318
8155971105
6179028457
8463485776
7841418812
6180525886
8139135574
7246297694
6542738848
8069347090
8577505412
7789000196
6407806719
6482248367
7224693361
6509885010
6071011284
6059276575
9277282741
8720494628
8865573727
9247435955
6955331175
6339560702
8591939158
9933992066
8572025531
6725873864
9810781512
6763060464
7394404066
8520127443
8818501239
6837542829
7108827659
7620379620
9610595740
6858259338
6259460341
7393876913
6872168990
8361249512
8742944625
7641515462
8293033222
9155486474
6982549187
6160581039
7864611200
8970853864
8124532961
8348975981
7335779522
8109977099
7570120816
6109800721
9858441696
7490656077
9005715613
9050268796
8950670606
7099075019
9977907509
9334949019
7214778970
6681097526
7947893912
9463983680
9380718349
8088734420
9217489404
7422050360
9108642806
7989410698
8482138751
7457148022
7973139582
7055335023
8310205059
8680752554
6587180831
8333787018
7935184068
7864476828
7298059516
8321442474
7057927344
6167307501
8519639461
8088073673
7010231376
7829326222
9883294205
9722056644
7109921512
8707892424
8883738277
7632312207
8372705809
7922763054
7856865514
7224699596
8823233076
8404982632
8651771619
6821611183
6069503602
6067338861
7477507989
6998632598
8405789940
7433454937
8612337795
6066375665
6937262053
9202268577
8596074270
