7037366026
9917588561
7203755239
8922594965
9126534460
8499290661
9236840882
8277102425
8279008166
7861257973
8675623515
9253426974
7264780697
8900454670
6232754021
6571310847
9430861903
8727219199
8772442851
6578683348
6295477851
9047470008
7152703267
7927317018
8268555504
6837436294
9435168556
8494591484
9521307372
7947072238
7415816317
8730303023
9687265358
7931044133
7164667978
7687645795
9799056801
9936334730
8770659405
9580833676
8668847410
9747789510
9630355170
7773960671
8629715477
8392918192
7300054659
8798332905
8449789207
7279251291
7637573355
8611399768
6070719976
9155207366
9852915599
7306725793
8347410163
7121122290
9148660471
8537741465
6739429452
6198387921
8224279907
9273916163
7393012319
9079551483
9152433177
9876220530
9837494361
6498174439
9033024825
6173669262
7852006235
8514624116
6985776502
7846370531
7777930573
8826600337
9557247307
7822546769
8217670900
7879784749
7100035640
7597910457
6980769958
6075610700
7567535195
9506390092
9624539043
8885020292
6210067833
7211937077
6691160979
8390088500
8698651544
9786503705
7007855026
7868528221
7200991459
8496184011
6850989389
8691198887
8579289329
6762945364
9645808982
9424073014
7130725596
9228937885
8984927978
8849024438
8056145826
7932920832
7906531727
7167700089
8828266969
7526475552
7688468710
6903637507
6178573316
6707873018
6499101596
8916864232
7270216162
7534211902
7522994100
6143972153
6598268209
6698451083
9110762989
8492675061
8549723336
7449969246
8764820533
7043095763
9537727647
6006095597
8762671013
9153491466
7526062377
9115273840
7298141870
6204350225
8216480928
9243948999
9804048018
7101131742
9118783536
7021348726
8611776453
6772446384
9081789810
8113622495
9841798620
8454123593
7031042258
6266341195
6093608521
8560048815
8620770777
6063275351
7353782088
7333686085
8297660153
6908733242
9196980083
9150282478
6701032936
6284445959
8451024377
7757295135
6069340932
7506340615
7867976381
9468749415
9448950006
6092556277
8696104306
6435769154
8897876881
8613609578
7060574689
7615889359
8020948611
9016386586
8025507194
9360123060
6385992591
9055474250
6806526788
8442998433
9692867677
8383978255
9251603959
9746389452
9801125182
9192477090
8773399090
7457245323
9533042824
6898113094
